.Random.seed <-
c(403L, 250L, -1446399812L, 1789645823L, -1615683243L, 1205623404L, 
-257610046L, 616552733L, 771166103L, -2013345026L, -1538445128L, 
635968155L, -43222791L, -1977308600L, -1948322442L, -2093038415L, 
1623009507L, -346740814L, 944232452L, 2034133831L, -13278691L, 
832485524L, 763172922L, -1117365627L, 2104068959L, -1790376986L, 
867618416L, 738615699L, -1603746255L, -1641440032L, -963711618L, 
-1616183287L, 908070971L, -1590993398L, -291672596L, 1245307503L, 
1734225317L, 250735964L, 1463439666L, 721170477L, 719605479L, 
151004174L, 34131432L, 311711723L, 1596147849L, 1902890008L, 
653192006L, -1891911263L, 386484275L, 846333346L, 1345355924L, 
-999201001L, -227487475L, -404228060L, -1437247478L, 120196469L, 
1483455695L, 54489046L, 1626025856L, 1741947843L, -1851824799L, 
-1825350704L, 670243630L, 1685374681L, 1598837995L, -1372318374L, 
-125925604L, 1784046111L, 1531560565L, -75886836L, -1428004126L, 
-958498883L, -994455497L, 945380062L, 1716741656L, -20362885L, 
1590296857L, -1644941912L, -1590374058L, 1502605777L, -499207805L, 
-943878126L, -632552540L, 765719399L, 1603700925L, 570011700L, 
-199081062L, 1199558629L, -2016781441L, 1281952518L, -2143755120L, 
-798821069L, 703484625L, 139450496L, -279477922L, 513504937L, 
-944365221L, 125545322L, -978042356L, 498795087L, 1027796741L, 
54880188L, 430129810L, -982226547L, -679194169L, 2019160750L, 
-1034003704L, -1540536053L, 1551128553L, 1774973112L, -984926362L, 
-559524863L, 915563155L, -286669502L, -88274188L, 969946871L, 
-1156540691L, -2142510716L, 2008706986L, -2024590059L, -316489809L, 
704745398L, -1033079328L, -927462109L, 171762241L, -1267544784L, 
1227016014L, 383815097L, 1937403851L, 1445962874L, 234042748L, 
1909394879L, 1974987413L, -2116249428L, 971727490L, -561010083L, 
-2050515625L, -1399480258L, -328682376L, -79536293L, -1105352007L, 
-311646456L, -205693514L, -622263567L, 1427031331L, 1433771890L, 
-768463420L, -1614006905L, -735348899L, 1502681428L, 1077353338L, 
357522117L, -1375351777L, -231842906L, 1329454384L, 152461267L, 
-1719710223L, 764443424L, -1611074114L, -848851511L, -1686482565L, 
-583919798L, -949385300L, 1914703535L, -81621915L, -376652772L, 
2001080946L, 438822125L, -2071397081L, 1185950030L, -548173400L, 
-711815765L, -41122103L, 437378776L, -687373434L, -1911564703L, 
-1665200141L, 1746412130L, -193112876L, -185272873L, 640892877L, 
-1239663772L, -778576054L, 1425229493L, 261938703L, -1503162602L, 
-1163601472L, -1356093053L, -2072948831L, 1679007632L, -1775008658L, 
1092891161L, 502069931L, 2069823130L, -1682204068L, 1099179871L, 
1235843381L, -908748596L, 196518434L, -1378960259L, -646699657L, 
-481965410L, 770230616L, 438759611L, 405089881L, -1270120984L, 
1990821910L, 790950801L, 1408121923L, -11422894L, -1430923292L, 
956392999L, -1565254019L, -1688346764L, -90737830L, 1868031397L, 
769835455L, -1841223098L, 1473276112L, 1827881715L, -701524975L, 
-337345984L, -1687218658L, 361677033L, -1506065893L, 492397098L, 
1677534540L, -1660360945L, -1443902907L, -25631500L, -1120713080L, 
-1095592134L, -125119664L, -856865172L, -1504853868L, 1717465426L, 
773455584L, -100560180L, -1225699168L, -2006680702L, 809439976L, 
-571133204L, 1543363644L, 1330205298L, 969741424L, 607725092L, 
-493894600L, -1957914598L, -638543152L, 2051920956L, 1008419988L, 
58883202L, 1512638400L, 196467004L, -319139184L, -684422110L, 
1234985992L, -184825716L, 101522460L, 558970514L, 320365696L, 
-1047203820L, -696236760L, 63245882L, -1018116912L, 1456919660L, 
-511831372L, 1582266386L, -2049775648L, 150048716L, -1081791008L, 
1307311650L, -1698133720L, 600731916L, 1258833468L, 768479474L, 
-1566676240L, 2065576772L, 976116312L, -1297227206L, 555583216L, 
-576435012L, -1057853932L, 64159938L, -893394848L, 1196920188L, 
-1215431472L, -144069598L, 253852328L, 648069004L, -830113348L, 
213173298L, 427599680L, -195741516L, -2077043896L, 72379066L, 
2141130512L, -789473044L, 543765588L, -67119342L, -1580960864L, 
208265164L, 562785120L, 993657026L, 400033320L, -1431890516L, 
-1949814980L, -1487339662L, 223695664L, -556645852L, -920211400L, 
1813810394L, -187383408L, -760678660L, -2082992236L, -651246782L, 
-1536706048L, -1845894596L, 1124030032L, 99857058L, -377291960L, 
-1097729524L, -870961956L, -161205678L, -45438848L, -1825047724L, 
-1248898584L, 1434790650L, -1991551152L, 155812908L, 1655313780L, 
-788414830L, -722617760L, -1700572532L, 1485155168L, 1144894178L, 
-400836440L, -428183348L, 829088252L, 584007602L, 511587824L, 
-779833916L, -1862215848L, -1931674758L, 613957040L, 764658108L, 
1628831828L, -1957088318L, -797654240L, -1886373956L, 1426813520L, 
1772187106L, 2019570024L, 22768972L, -285671172L, 737395442L, 
-1637642496L, 646889076L, -1772617720L, 172396986L, 704917456L, 
1903659500L, 1317799828L, -290360622L, 846306912L, -2042329780L, 
1465771296L, -2017473918L, 1916869096L, -1474789396L, 1807001148L, 
1731610226L, -717198480L, -983643868L, 678830648L, -891610726L, 
-361334320L, 533652924L, -2019493740L, -125021054L, 1252705728L, 
1701284668L, -2032178032L, -918643934L, -940804600L, -1981172L, 
2016949660L, -1362031086L, 155589504L, -1712540908L, -1036504792L, 
-1279245254L, 1520585680L, 235960940L, -1229475276L, -1850869102L, 
-931609248L, -1175996084L, 422610912L, -1035340382L, -2005027416L, 
-845359476L, 297401788L, -1287860622L, -809102352L, -2082558396L, 
828682328L, 108083258L, 405430384L, -894404548L, -1539055340L, 
377905858L, 1302570720L, -798779268L, 1468085968L, -559416926L, 
-433338328L, -1084060916L, -616576580L, 1630524210L, -1733797184L, 
-490918860L, -1601712440L, 72275130L, 1127749264L, 452304620L, 
1299851860L, -370666862L, 697899296L, 1617543628L, -445046048L, 
509227202L, 733457448L, 756438956L, -1601119556L, 824519666L, 
1658844720L, -620806236L, -2112950856L, -71751846L, 921817232L, 
-1102455940L, -358366956L, 1943550274L, 1737662720L, 520056252L, 
-157146800L, -2079868638L, 860289608L, -1851633652L, -712739236L, 
-2124002862L, -1900710400L, 429077844L, 889998568L, -693903110L, 
1603844568L, -1447284746L, 1326118915L, -2006822075L, 1830901602L, 
-181176112L, -1152400391L, 562208555L, 1713814684L, -967863606L, 
1785191359L, 413505289L, 647438366L, 1076916684L, -180839523L, 
1968379431L, -540222384L, -1899707154L, 1437901211L, -1039738883L, 
-804162838L, 157738376L, -848387279L, 1898658723L, -1736242268L, 
-1379695022L, 1910703527L, 2090426865L, 1371477302L, 506093012L, 
-1344842907L, 541350767L, 143725992L, -1947817210L, -1451315661L, 
-867883883L, -554468110L, -1025036992L, -827567447L, -2026579173L, 
-1853117204L, -20524806L, -528043729L, -105478855L, -463780018L, 
1099959708L, -1213395187L, -2032268937L, -1842213504L, 1287056350L, 
23766187L, 793067437L, 864015386L, -1787987240L, -471485631L, 
-896597005L, -669479404L, -1462810718L, 151517367L, 1684431489L, 
-470195578L, -216321340L, -1196166155L, 1059015263L, 326368440L, 
-540599914L, -190422109L, 900683621L, 2085678722L, 2127932400L, 
1916554649L, -806370421L, -1267192196L, 1802560682L, -1011099937L, 
1809427561L, 2123630206L, -1998655892L, 1544131261L, 571805575L, 
808221552L, -673904114L, -1765611717L, -1011155939L, 844379338L, 
-962105368L, 2135227601L, -1226336061L, 2111041476L, 1332522098L, 
-2119301817L, -1137854191L, 563539094L, -1071054348L, 510047109L, 
-2014995761L, 471271368L, -1545032090L, -196984685L, -1375158283L, 
-594044462L, 2038350368L, 666549257L, -774241989L, 1054098572L, 
2031407386L, -1576777841L, -2002069287L, 1863464814L, 819982076L, 
-1526231955L, 1016584215L, 214114784L, -1484206658L, 982872971L, 
1004200973L, -204962758L, 1981580408L, 304058401L, -657507629L, 
1387526644L, 533914242L, -1110671593L, 2108274145L, -1158624474L, 
-1249057244L, -771645227L, -1494646657L, -414132968L, -1095660490L, 
-1205054781L, 458800901L, -483331422L, 692183184L, 1276702777L, 
329761003L, 88994268L, 971790346L, 1991173887L, 878196553L, 1765362910L, 
